15,354
15,354
16,354
16,354
17,354
17,354
17,355
17,355
18,355
18,355
19,355
19,355
20,355
20,355
21,355
21,355
22,355
22,355
23,355
23,355
24,355
24,355
25,355
25,355
25,355
25,355
26,355
26,355
26,356
26,356
26,357
26,357
26,358
26,358
26,359
26,359
26,360
26,360
26,361
26,361
26,362
26,362
26,363
26,363
26,364
26,364
26,365
26,365
26,366
26,366
26,367
26,367
26,368
26,368
26,369
26,369
26,370
26,370
26,371
26,371
26,372
26,372
26,373
26,373
26,374
26,374
26,375
26,375
26,376
26,376
26,377
26,377
26,378
26,378
26,379
26,379
26,380
26,380
26,381
26,381
26,382
26,382
26,383
26,383
26,384
26,384
26,385
26,385
26,386
26,386
26,387
26,387
26,388
26,388
26,389
26,389
26,390
26,390
26,391
26,391
27,391
27,391
28,391
28,391
29,391
29,391
29,392
29,392
28,392
28,392
27,392
27,392
26,392
26,392
25,392
25,392
24,392
24,392
23,392
23,392
22,392
22,392
21,392
21,392
20,392
20,392
19,392
19,392
19,391
19,391
20,391
20,391
21,391
21,391
21,391
21,391
21,390
21,390
22,390
22,390
22,389
22,389
22,389
22,389
22,388
22,388
22,387
22,387
22,386
22,386
22,385
22,385
22,384
22,384
22,383
22,383
22,382
22,382
22,381
22,381
22,380
22,380
22,379
22,379
22,378
22,378
22,377
22,377
21,377
21,377
21,378
21,378
20,378
20,378
20,378
20,378
19,379
19,379
18,379
18,379
18,379
18,379
17,379
17,379
17,380
17,380
16,380
16,380
15,380
15,380
14,380
14,380
13,380
13,380
12,380
12,380
12,379
12,379
11,379
11,379
11,379
11,379
10,379
10,379
9,378
9,378
9,378
9,378
8,378
8,378
8,377
8,377
7,377
7,377
6,376
6,376
6,375
6,375
6,375
6,375
5,375
5,375
5,374
5,374
5,373
5,373
4,373
4,373
4,372
4,372
4,371
4,371
4,371
4,371
4,370
4,370
4,369
4,369
4,368
4,368
3,368
3,368
3,367
3,367
4,367
4,367
4,366
4,366
4,365
4,365
4,364
4,364
4,364
4,364
4,363
4,363
4,362
4,362
5,362
5,362
5,361
5,361
6,360
6,360
6,360
6,360
6,359
6,359
7,359
7,359
7,358
7,358
8,358
8,358
8,357
8,357
9,357
9,357
9,357
9,357
9,356
9,356
10,356
10,356
11,356
11,356
11,355
11,355
12,355
12,355
13,355
13,355
14,355
14,355
22,361
22,360
22,360
22,359
22,359
22,359
22,359
22,358
22,358
21,358
21,358
21,357
21,357
20,356
20,356
19,356
19,356
19,355
19,355
18,355
18,355
17,355
17,355
16,355
16,355
15,355
15,355
14,355
14,355
13,356
13,356
12,356
12,356
12,356
12,356
12,357
12,357
11,357
11,357
11,358
11,358
10,358
10,358
10,358
10,358
10,359
10,359
9,359
9,359
9,360
9,360
9,361
9,361
8,362
8,362
8,363
8,363
8,364
8,364
8,364
8,364
8,365
8,365
8,366
8,366
8,367
8,367
8,368
8,368
8,369
8,369
8,370
8,370
8,371
8,371
9,371
9,371
9,372
9,372
9,373
9,373
9,374
9,374
10,374
10,374
10,375
10,375
11,376
11,376
12,377
12,377
13,378
13,378
13,378
13,378
14,378
14,378
15,378
15,378
16,378
16,378
17,378
17,378
18,378
18,378
19,378
19,378
19,378
19,378
20,377
20,377
21,377
21,377
21,376
21,376
22,376
22,376
22,375
22,375
22,374
22,374
22,373
22,373
22,372
22,372
22,371
22,371
22,370
22,370
22,369
22,369
22,368
22,368
22,367
22,367
22,366
22,366
22,365
22,365
22,364
22,364
22,363
22,363
22,362
22,362
22,361
