7,355
7,355
8,355
8,355
9,355
9,355
10,355
10,355
10,356
10,356
9,356
9,356
8,357
8,357
8,358
8,358
8,359
8,359
8,360
8,360
8,361
8,361
8,361
8,361
8,362
8,362
9,362
9,362
9,363
9,363
9,364
9,364
10,364
10,364
10,365
10,365
10,366
10,366
10,366
10,366
11,367
11,367
11,368
11,368
11,368
11,368
11,369
11,369
12,369
12,369
12,370
12,370
12,371
12,371
13,371
13,371
13,372
13,372
13,373
13,373
13,373
13,373
14,374
14,374
15,374
15,374
16,373
16,373
16,372
16,372
16,371
16,371
17,370
17,370
17,369
17,369
17,368
17,368
18,368
18,368
18,367
18,367
18,367
18,367
18,366
18,366
18,365
18,365
19,365
19,365
19,364
19,364
19,364
19,364
19,363
19,363
20,362
20,362
20,361
20,361
20,360
20,360
21,359
21,359
21,359
21,359
21,358
21,358
22,357
22,357
21,357
21,357
21,356
21,356
20,356
20,356
19,356
19,356
19,357
19,357
19,356
19,356
19,355
19,355
20,355
20,355
21,355
21,355
22,355
22,355
23,355
23,355
24,355
24,355
25,355
25,355
25,356
25,356
25,356
25,356
24,356
24,356
24,357
24,357
23,357
23,357
23,357
23,357
23,358
23,358
22,359
22,359
22,359
22,359
22,360
22,360
21,361
21,361
21,361
21,361
21,362
21,362
21,363
21,363
20,363
20,363
20,364
20,364
20,365
20,365
19,366
19,366
19,366
19,366
19,367
19,367
19,368
19,368
18,368
18,368
18,369
18,369
18,369
18,369
18,370
18,370
17,371
17,371
17,372
17,372
17,373
17,373
16,373
16,373
16,374
16,374
16,374
16,374
16,375
16,375
15,376
15,376
15,377
15,377
15,378
15,378
14,379
14,379
14,379
14,379
14,380
14,380
13,380
13,380
13,379
13,379
12,378
12,378
12,377
12,377
12,377
12,377
11,376
11,376
11,375
11,375
11,375
11,375
11,374
11,374
10,374
10,374
10,373
10,373
10,372
10,372
9,372
9,372
9,371
9,371
9,370
9,370
8,369
8,369
8,368
8,368
8,368
8,368
7,367
7,367
7,366
7,366
7,365
7,365
6,365
6,365
6,364
6,364
6,363
6,363
5,362
5,362
5,361
5,361
5,361
5,361
5,360
5,360
4,360
4,360
4,359
4,359
4,358
4,358
4,358
4,358
4,357
4,357
3,356
3,356
2,356
2,356
2,356
2,356
2,355
2,355
3,355
3,355
4,355
4,355
5,355
5,355
6,355
6,355
