51,313
52,313
52,313
53,313
53,313
54,313
54,313
55,313
55,313
56,313
56,313
56,314
56,314
56,314
56,314
57,314
57,314
57,315
57,315
57,315
57,315
57,316
57,316
57,317
57,317
57,318
57,318
57,318
57,318
57,319
57,319
56,320
56,320
55,320
55,320
54,321
54,321
54,320
54,320
53,320
53,320
53,320
53,320
52,320
52,320
51,319
51,319
51,318
51,318
50,318
50,318
50,317
50,317
49,317
49,317
48,317
48,317
47,318
47,318
46,318
46,318
46,318
46,318
46,319
46,319
45,319
45,319
45,319
45,319
45,320
45,320
44,321
44,321
44,321
44,321
44,322
44,322
43,323
43,323
43,324
43,324
43,325
43,325
44,325
44,325
44,326
44,326
44,326
44,326
45,326
45,326
45,327
45,327
45,327
45,327
46,328
46,328
46,329
46,329
47,329
47,329
47,330
47,330
47,331
47,331
48,332
48,332
48,333
48,333
48,334
48,334
48,335
48,335
48,336
48,336
48,337
48,337
48,338
48,338
48,339
48,339
48,340
48,340
48,341
48,341
47,342
47,342
47,343
47,343
47,344
47,344
46,344
46,344
46,345
46,345
45,346
45,346
45,346
45,346
45,347
45,347
44,347
44,347
44,348
44,348
43,349
43,349
42,350
42,350
41,350
41,350
41,350
41,350
41,351
41,351
40,351
40,351
40,351
40,351
39,352
39,352
38,352
38,352
38,352
38,352
37,353
37,353
36,353
36,353
36,353
36,353
35,354
35,354
34,354
34,354
33,354
33,354
32,354
32,354
31,355
31,355
30,355
30,355
29,355
29,355
28,355
28,355
27,355
27,355
26,355
26,355
25,355
25,355
24,354
24,354
23,354
23,354
22,354
22,354
21,354
21,354
20,354
20,354
19,354
19,354
19,355
19,355
18,355
18,355
17,355
17,355
16,355
16,355
16,356
16,356
15,356
15,356
14,357
14,357
13,358
13,358
13,358
13,358
13,359
13,359
13,360
13,360
13,361
13,361
13,362
13,362
13,362
13,362
14,363
14,363
15,364
15,364
16,364
16,364
17,365
17,365
18,365
18,365
18,365
18,365
19,365
19,365
20,365
20,365
21,365
21,365
22,365
22,365
23,365
23,365
23,366
23,366
24,366
24,366
25,366
25,366
26,366
26,366
27,366
27,366
28,366
28,366
29,366
29,366
30,366
30,366
31,366
31,366
31,366
31,366
32,366
32,366
33,366
33,366
34,366
34,366
35,366
35,366
36,366
36,366
36,367
36,367
37,367
37,367
38,367
38,367
39,367
39,367
39,367
39,367
40,367
40,367
41,367
41,367
42,368
42,368
43,368
43,368
44,368
44,368
45,369
45,369
46,369
46,369
47,369
47,369
47,370
47,370
48,370
48,370
49,370
49,370
49,371
49,371
49,371
49,371
50,371
50,371
50,372
50,372
50,372
50,372
51,372
51,372
51,373
51,373
51,373
51,373
52,373
52,373
52,374
52,374
52,375
52,375
53,375
53,375
53,376
53,376
53,377
53,377
53,377
53,377
53,378
53,378
53,379
53,379
54,380
54,380
54,381
54,381
53,381
53,381
53,382
53,382
53,383
53,383
53,384
53,384
53,385
53,385
52,385
52,385
52,386
52,386
52,387
52,387
51,387
51,387
51,387
51,387
51,388
51,388
50,388
50,388
50,389
50,389
49,389
49,389
49,390
49,390
48,390
48,390
48,390
48,390
48,391
48,391
47,391
47,391
47,391
47,391
46,392
46,392
45,392
45,392
45,393
45,393
44,393
44,393
43,393
43,393
43,394
43,394
42,394
42,394
41,394
41,394
40,395
40,395
39,395
39,395
38,395
38,395
38,395
38,395
37,395
37,395
37,396
37,396
36,396
36,396
35,396
35,396
34,396
34,396
33,396
33,396
33,396
33,396
32,396
32,396
31,396
31,396
30,396
30,396
29,396
29,396
28,396
28,396
27,396
27,396
26,396
26,396
25,396
25,396
24,396
24,396
23,396
23,396
22,396
22,396
21,396
21,396
20,395
20,395
19,395
19,395
19,395
19,395
18,395
18,395
17,395
17,395
16,394
16,394
15,394
15,394
14,394
14,394
13,393
13,393
13,393
13,393
12,393
12,393
11,392
11,392
10,392
10,392
10,391
10,391
10,391
10,391
9,391
9,391
8,390
8,390
8,389
8,389
8,389
8,389
7,389
7,389
7,388
7,388
7,388
7,388
6,387
6,387
6,386
6,386
6,386
6,386
6,385
6,385
5,384
5,384
5,383
5,383
6,382
6,382
6,381
6,381
6,380
6,380
6,379
6,379
7,379
7,379
7,378
7,378
8,377
8,377
8,377
8,377
8,376
8,376
9,376
9,376
9,376
9,376
9,375
9,375
10,375
10,375
10,375
10,375
11,374
11,374
12,374
12,374
12,373
12,373
13,373
13,373
13,373
13,373
14,372
14,372
15,372
15,372
15,371
15,371
14,371
14,371
14,370
14,370
13,370
13,370
13,370
13,370
12,370
12,370
11,369
11,369
10,369
10,369
10,368
10,368
10,368
10,368
9,368
9,368
9,367
9,367
9,367
9,367
8,366
8,366
8,365
8,365
8,364
8,364
8,363
8,363
8,362
8,362
8,361
8,361
9,360
9,360
9,360
9,360
9,359
9,359
10,358
10,358
11,357
11,357
12,356
12,356
13,356
13,356
13,355
13,355
14,355
14,355
15,355
15,355
15,354
15,354
16,354
16,354
17,354
17,354
18,353
18,353
17,352
17,352
17,352
17,352
16,352
16,352
16,351
16,351
15,351
15,351
14,351
14,351
14,350
14,350
14,350
14,350
13,350
13,350
13,349
13,349
13,349
13,349
12,349
12,349
12,348
12,348
12,348
12,348
11,348
11,348
11,347
11,347
11,347
11,347
10,347
10,347
10,346
10,346
10,345
10,345
9,345
9,345
9,344
9,344
9,343
9,343
8,343
8,343
8,342
8,342
8,341
8,341
8,340
8,340
8,339
8,339
8,338
8,338
8,337
8,337
8,336
8,336
8,335
8,335
8,335
8,335
8,334
8,334
8,333
8,333
9,332
9,332
9,331
9,331
9,330
9,330
10,330
10,330
10,329
10,329
11,328
11,328
11,328
11,328
11,327
11,327
12,327
12,327
12,326
12,326
13,325
13,325
14,324
14,324
15,324
15,324
15,324
15,324
15,323
15,323
16,323
16,323
16,323
16,323
17,322
17,322
18,322
18,322
18,321
18,321
19,321
19,321
20,321
20,321
20,320
20,320
21,320
21,320
22,320
22,320
22,320
22,320
23,320
23,320
23,319
23,319
24,319
24,319
25,319
25,319
26,319
26,319
27,319
27,319
28,319
28,319
29,319
29,319
30,319
30,319
30,319
30,319
31,319
31,319
32,319
32,319
33,319
33,319
34,320
34,320
35,320
35,320
36,320
36,320
37,321
37,321
37,321
37,321
38,321
38,321
39,322
39,322
39,322
39,322
40,322
40,322
40,323
40,323
41,323
41,323
41,322
41,322
42,322
42,322
42,321
42,321
42,320
42,320
43,320
43,320
43,319
43,319
44,318
44,318
44,318
44,318
44,317
44,317
45,317
45,317
45,317
45,317
45,316
45,316
46,316
46,316
46,316
46,316
46,315
46,315
47,315
47,315
47,315
47,315
48,314
48,314
49,314
49,314
49,314
49,314
50,313
50,313
51,313
47,377
47,376
46,376
46,376
46,376
46,376
46,376
46,375
45,375
45,375
44,375
44,375
44,375
44,374
43,374
43,374
42,374
42,374
42,374
42,374
41,374
41,374
40,374
40,373
39,373
39,373
38,373
38,373
37,373
37,373
37,373
37,373
36,373
36,373
35,373
35,373
34,373
34,373
33,373
33,373
33,373
33,372
32,372
32,372
31,372
31,372
30,372
30,372
29,372
29,372
28,372
28,372
27,372
27,372
26,372
26,372
25,372
25,372
24,372
24,372
23,372
23,372
23,372
23,372
22,372
22,372
21,372
21,372
20,372
20,372
19,372
19,372
18,372
18,372
17,372
17,372
17,372
17,372
16,372
16,373
16,373
16,373
16,373
16,373
15,373
15,374
15,374
15,374
15,374
15,374
14,374
14,375
14,375
14,376
13,376
13,377
13,377
13,377
13,377
13,378
12,378
12,379
12,379
12,380
12,380
12,381
12,381
12,382
12,382
12,383
12,383
12,384
12,384
12,384
12,384
12,385
12,385
12,386
13,386
13,387
13,387
13,387
13,387
13,388
14,388
14,388
14,388
14,389
15,389
15,389
15,389
15,390
16,390
16,390
16,390
16,390
16,390
16,391
17,391
17,391
18,391
18,392
19,392
19,392
20,392
20,392
20,392
20,393
21,393
21,393
22,393
22,393
23,393
23,393
24,393
24,393
25,393
25,393
26,393
26,394
27,394
27,394
28,394
28,394
29,394
29,394
30,394
30,394
31,394
31,394
32,394
32,394
33,394
33,394
34,394
34,393
34,393
34,393
35,393
35,393
36,393
36,393
37,393
37,393
37,393
37,393
38,393
38,393
39,393
39,392
40,392
40,392
41,392
41,392
42,392
42,391
42,391
42,391
43,391
43,391
44,391
44,390
44,390
44,390
45,390
45,389
46,389
46,388
47,388
47,387
47,387
47,387
48,387
48,386
48,386
48,385
48,385
48,384
49,384
49,383
49,383
49,382
49,382
49,381
49,381
49,380
48,380
48,380
48,380
48,379
48,379
48,378
48,378
48,377
47,377
47,377
47,377
38,328
38,327
38,327
38,327
38,327
37,326
37,326
37,325
37,325
36,325
36,325
36,324
36,324
36,324
36,324
35,324
35,324
35,323
35,323
35,323
35,323
34,323
34,323
34,322
34,322
33,322
33,322
32,322
32,322
32,321
32,321
31,321
31,321
30,321
30,321
29,321
29,321
28,321
28,321
27,321
27,321
26,321
26,321
25,321
25,321
24,321
24,321
23,322
23,322
22,322
22,322
22,322
22,322
21,323
21,323
20,324
20,324
19,325
19,325
18,326
18,326
18,326
18,326
18,327
18,327
17,328
17,328
17,328
17,328
17,329
17,329
17,330
17,330
16,330
16,330
16,331
16,331
16,332
16,332
16,332
16,332
16,333
16,333
16,334
16,334
16,335
16,335
16,336
16,336
16,337
16,337
16,338
16,338
16,339
16,339
16,340
16,340
16,340
16,340
16,341
16,341
16,342
16,342
17,343
17,343
17,344
17,344
17,345
17,345
18,346
18,346
18,347
18,347
18,347
18,347
19,347
19,347
19,348
19,348
20,349
20,349
21,350
21,350
22,351
22,351
23,351
23,351
23,352
23,352
24,352
24,352
25,352
25,352
26,352
26,352
26,353
26,353
27,353
27,353
28,353
28,353
29,353
29,353
30,353
30,353
31,353
31,353
31,352
31,352
32,352
32,352
33,352
33,352
34,352
34,352
34,351
34,351
35,351
35,351
36,350
36,350
37,349
37,349
38,348
38,348
38,348
38,348
38,347
38,347
39,347
39,347
39,346
39,346
39,346
39,346
39,345
39,345
39,344
39,344
40,344
40,344
40,343
40,343
40,342
40,342
40,342
40,342
40,341
40,341
40,340
40,340
40,339
40,339
40,338
40,338
40,337
40,337
40,336
40,336
40,335
40,335
40,334
40,334
40,334
40,334
40,333
40,333
40,332
40,332
39,331
39,331
39,330
39,330
39,329
39,329
38,328
