16,295
17,295
17,295
18,295
18,295
18,295
18,296
18,296
18,297
18,297
18,298
18,298
18,299
18,299
18,300
18,300
18,301
18,301
18,302
18,302
18,303
18,303
18,304
18,304
18,305
18,305
18,306
18,306
18,307
18,307
18,308
18,308
18,309
18,309
18,310
18,310
18,311
18,311
18,312
18,312
18,313
18,313
18,314
18,314
18,315
18,315
18,316
18,316
18,317
18,317
18,318
18,318
18,319
18,319
18,320
18,320
18,321
18,321
18,322
18,322
18,323
18,323
18,324
18,324
18,325
19,325
19,325
20,325
20,325
20,325
20,325
21,325
21,324
21,324
21,324
21,324
21,324
22,324
22,323
23,323
23,323
24,323
24,322
24,322
24,322
25,322
25,322
26,322
26,321
26,321
26,321
27,321
27,321
28,321
28,320
28,320
28,320
29,320
29,320
29,320
29,320
30,320
30,320
31,320
31,319
32,319
32,319
33,319
33,319
34,319
34,319
34,319
34,319
35,319
35,319
36,319
36,319
37,319
37,319
38,319
38,319
39,319
39,319
40,319
40,320
41,320
41,320
42,320
42,320
42,320
42,321
43,321
43,321
44,321
44,321
44,321
44,322
45,322
45,322
45,322
45,322
45,322
45,323
46,323
46,323
46,323
46,323
46,323
46,324
47,324
47,324
47,324
47,324
47,324
47,325
48,325
48,326
48,326
48,327
49,327
49,328
49,328
49,328
49,328
49,329
49,329
49,330
50,330
50,330
50,330
50,331
50,331
50,332
50,332
50,333
50,333
50,334
50,334
50,335
50,335
50,336
51,336
51,336
51,336
51,337
51,337
51,338
51,338
51,339
51,339
51,340
51,340
51,341
51,341
51,342
51,342
51,343
51,343
51,344
51,344
51,345
51,345
51,346
51,346
51,347
51,347
51,348
51,348
51,349
51,349
51,350
51,350
51,351
51,351
51,352
51,352
51,353
51,353
51,354
51,354
51,355
51,355
51,356
51,356
51,357
51,357
51,358
51,358
51,359
51,359
51,360
51,360
51,361
51,361
51,361
51,361
51,362
51,362
51,363
51,363
51,364
51,364
51,365
51,365
51,366
51,366
51,367
52,367
52,367
53,367
53,367
54,367
54,367
55,367
55,366
55,366
55,366
56,366
56,366
57,366
57,367
57,367
57,368
57,368
57,369
56,369
56,369
55,369
55,369
54,369
54,369
53,369
53,369
52,369
52,369
51,369
51,369
50,369
50,369
49,369
49,369
48,369
48,369
47,369
47,369
46,369
46,369
45,369
45,369
44,369
44,369
43,369
43,369
42,369
42,369
41,369
41,369
40,369
40,369
39,369
39,369
38,369
38,369
38,369
38,368
38,368
38,367
38,367
38,367
39,367
39,367
40,367
40,367
41,367
41,366
42,366
42,365
43,365
43,364
43,364
43,364
43,364
43,363
43,363
43,363
44,363
44,362
44,362
44,361
44,361
44,360
44,360
44,359
44,359
44,358
44,358
44,357
44,357
44,356
44,356
44,355
44,355
44,354
44,354
44,353
44,353
44,352
44,352
44,351
44,351
44,350
44,350
44,349
44,349
44,348
44,348
44,347
44,347
44,346
44,346
44,345
44,345
44,344
44,344
44,343
44,343
44,342
44,342
44,341
44,341
44,340
44,340
44,339
44,339
44,338
44,338
44,337
44,337
44,336
44,336
44,335
44,335
44,334
43,334
43,334
43,334
43,333
43,333
43,332
43,332
43,332
43,332
43,331
43,331
43,330
42,330
42,329
42,329
42,328
41,328
41,327
41,327
41,327
41,327
41,326
40,326
40,325
39,325
39,325
39,325
39,324
38,324
38,324
38,324
38,324
37,324
37,323
36,323
36,323
35,323
35,323
34,323
34,323
33,323
33,323
32,323
32,323
31,323
31,323
30,323
30,323
29,323
29,323
28,323
28,323
27,323
27,323
26,323
26,324
26,324
26,324
25,324
25,324
25,324
25,324
24,324
24,325
23,325
23,325
23,325
23,325
22,325
22,326
21,326
21,327
20,327
20,327
20,327
20,327
19,327
19,328
19,328
19,328
19,328
19,328
18,328
18,329
18,329
18,330
18,330
18,331
18,331
18,332
18,332
18,333
18,333
18,334
18,334
18,335
18,335
18,336
18,336
18,337
18,337
18,338
18,338
18,339
18,339
18,340
18,340
18,341
18,341
18,342
18,342
18,343
18,343
18,344
18,344
18,345
18,345
18,346
18,346
18,347
18,347
18,348
18,348
18,349
18,349
18,350
18,350
18,351
18,351
18,352
18,352
18,353
18,353
18,354
18,354
18,355
18,355
18,356
18,356
18,357
18,357
18,358
18,358
18,359
18,359
18,360
18,360
18,361
18,361
18,362
18,362
18,363
18,363
18,364
18,364
18,365
18,365
18,366
18,366
18,367
19,367
19,367
20,367
20,367
21,367
21,367
22,367
22,366
22,366
22,366
23,366
23,366
24,366
24,367
24,367
24,368
24,368
24,369
23,369
23,369
22,369
22,369
21,369
21,369
20,369
20,369
19,369
19,369
18,369
18,369
17,369
17,369
16,369
16,369
15,369
15,369
14,369
14,369
13,369
13,369
12,369
12,369
11,369
11,369
10,369
10,369
9,369
9,369
8,369
8,369
7,369
7,369
6,369
6,369
5,369
5,368
5,368
5,367
6,367
6,367
7,367
7,367
8,367
8,367
9,367
9,366
9,366
9,366
9,366
9,365
10,365
10,364
10,364
10,363
11,363
11,362
11,362
11,361
11,361
11,360
11,360
11,359
11,359
11,358
11,358
11,357
11,357
11,357
11,357
11,356
11,356
11,355
11,355
11,354
11,354
11,353
11,353
11,352
11,352
11,351
11,351
11,350
11,350
11,349
11,349
11,348
11,348
11,347
11,347
11,346
11,346
11,345
11,345
11,344
11,344
11,343
11,343
11,342
11,342
11,341
11,341
11,340
11,340
11,339
11,339
11,338
11,338
11,337
11,337
11,336
11,336
11,335
11,335
11,334
11,334
11,333
11,333
11,332
11,332
11,331
11,331
11,330
11,330
11,329
11,329
11,328
11,328
11,327
11,327
11,326
11,326
11,325
11,325
11,324
11,324
11,323
11,323
11,322
11,322
11,321
11,321
11,320
11,320
11,319
11,319
11,318
11,318
11,317
11,317
11,316
11,316
11,315
11,315
11,314
11,314
11,313
11,313
11,312
11,312
11,311
11,311
11,310
11,310
11,309
11,309
11,308
11,308
11,307
11,307
11,306
11,306
11,305
11,305
11,304
11,304
11,303
11,303
11,302
11,302
11,301
11,301
11,300
10,300
10,300
9,300
9,300
8,300
8,300
7,300
7,300
6,300
6,300
5,300
5,300
4,300
4,300
4,300
4,299
4,299
4,298
5,298
5,298
6,298
6,298
7,298
7,298
8,298
8,298
9,298
9,297
10,297
10,297
11,297
11,297
12,297
12,297
13,297
13,297
14,297
14,296
15,296
15,296
15,296
15,296
16,296
