16,295
16,295
17,295
17,295
18,295
18,295
18,296
18,296
18,297
18,297
18,298
18,298
18,299
18,299
18,300
18,300
18,301
18,301
18,302
18,302
18,303
18,303
18,304
18,304
18,305
18,305
18,306
18,306
18,307
18,307
18,308
18,308
18,309
18,309
18,310
18,310
18,311
18,311
18,312
18,312
18,313
18,313
18,314
18,314
18,315
18,315
18,316
18,316
18,317
18,317
18,318
18,318
18,319
18,319
18,320
18,320
18,321
18,321
18,322
18,322
18,323
18,323
18,324
18,324
18,325
18,325
18,326
18,326
18,327
18,327
18,328
18,328
18,329
18,329
18,330
18,330
18,331
18,331
18,332
18,332
18,333
18,333
18,334
18,334
18,335
18,335
18,336
18,336
18,337
18,337
18,338
18,338
18,339
18,339
18,340
18,340
18,341
18,341
18,342
18,342
19,342
19,342
20,342
20,342
21,342
21,342
22,342
22,342
23,342
23,342
24,342
24,342
24,342
24,342
24,341
24,341
25,341
25,341
25,341
25,341
25,340
25,340
26,340
26,340
26,340
26,340
26,339
26,339
27,339
27,339
27,338
27,338
28,337
28,337
29,336
29,336
30,335
30,335
31,334
31,334
32,333
32,333
33,332
33,332
34,331
34,331
35,330
35,330
36,329
36,329
37,328
37,328
38,327
38,327
39,326
39,326
40,325
40,325
41,325
41,325
41,324
41,324
41,323
41,323
40,323
40,323
39,323
39,323
38,323
38,323
37,323
37,323
36,323
36,323
35,323
35,323
35,322
35,322
35,321
35,321
35,320
35,320
36,320
36,320
37,320
37,320
38,320
38,320
39,320
39,320
40,320
40,320
41,320
41,320
42,320
42,320
43,320
43,320
44,320
44,320
45,320
45,320
46,320
46,320
47,320
47,320
48,320
48,320
49,320
49,320
50,320
50,320
51,320
51,320
51,321
51,321
51,322
51,322
51,322
51,322
50,322
50,322
49,322
49,322
49,323
49,323
48,323
48,323
47,323
47,323
47,323
47,323
46,324
46,324
45,324
45,324
45,324
45,324
45,325
45,325
44,325
44,325
43,326
43,326
42,326
42,326
42,326
42,326
42,327
42,327
41,327
41,327
41,327
41,327
41,328
41,328
40,328
40,328
40,328
40,328
40,329
40,329
39,329
39,329
39,329
39,329
39,330
39,330
38,330
38,330
37,331
37,331
36,332
36,332
35,333
35,333
35,333
35,333
35,334
35,334
34,334
34,334
34,334
34,334
34,335
34,335
33,335
33,335
33,335
33,335
33,336
33,336
32,336
32,336
32,336
32,336
32,337
32,337
31,337
31,337
31,337
31,337
31,338
31,338
30,338
30,338
30,338
30,338
30,339
30,339
29,339
29,339
29,339
29,339
29,340
29,340
28,340
28,340
28,340
28,340
28,341
28,341
28,342
28,342
29,343
29,343
29,343
29,343
30,343
30,343
30,344
30,344
31,344
31,344
32,345
32,345
33,346
33,346
33,347
33,347
33,347
33,347
34,347
34,347
34,348
34,348
34,348
34,348
35,348
35,348
35,349
35,349
36,350
36,350
37,351
37,351
37,352
37,352
37,352
37,352
38,352
38,352
38,353
38,353
38,353
38,353
39,354
39,354
40,355
40,355
40,356
40,356
40,356
40,356
41,356
41,356
41,357
41,357
41,357
41,357
42,357
42,357
42,358
42,358
43,359
43,359
43,360
43,360
44,360
44,360
44,361
44,361
44,361
44,361
45,361
45,361
45,362
45,362
46,363
46,363
47,364
47,364
48,364
48,364
48,365
48,365
48,365
48,365
49,365
49,365
49,366
49,366
49,366
49,366
50,366
50,366
51,367
51,367
51,367
51,367
52,367
52,367
53,367
53,367
53,368
53,368
53,369
53,369
52,369
52,369
51,369
51,369
50,369
50,369
49,369
49,369
48,369
48,369
47,369
47,369
46,369
46,369
45,369
45,369
44,369
44,369
43,369
43,369
43,368
43,368
42,368
42,368
41,367
41,367
41,367
41,367
40,366
40,366
39,365
39,365
38,364
38,364
37,363
37,363
37,362
37,362
37,362
37,362
36,362
36,362
36,361
36,361
36,361
36,361
35,360
35,360
34,359
34,359
34,358
34,358
33,358
33,358
33,357
33,357
33,357
33,357
32,357
32,357
32,356
32,356
31,355
31,355
31,354
31,354
31,354
31,354
30,354
30,354
30,353
30,353
29,352
29,352
29,351
29,351
28,351
28,351
28,350
28,350
28,350
28,350
27,349
27,349
26,348
26,348
26,347
26,347
26,347
26,347
25,347
25,347
25,346
25,346
25,346
25,346
24,346
24,346
24,345
24,345
24,345
24,345
23,345
23,345
22,344
22,344
21,345
21,345
20,345
20,345
19,345
19,345
18,345
18,345
18,346
18,346
18,347
18,347
18,348
18,348
18,349
18,349
18,350
18,350
18,351
18,351
18,352
18,352
18,353
18,353
18,354
18,354
18,355
18,355
18,356
18,356
18,357
18,357
18,358
18,358
18,359
18,359
18,360
18,360
18,361
18,361
18,362
18,362
18,363
18,363
18,364
18,364
18,365
18,365
18,366
18,366
18,367
18,367
19,367
19,367
20,367
20,367
21,367
21,367
22,366
22,366
23,366
23,366
24,366
24,366
24,367
24,367
24,368
24,368
24,369
24,369
23,369
23,369
22,369
22,369
21,369
21,369
20,369
20,369
19,369
19,369
18,369
18,369
17,369
17,369
16,369
16,369
15,369
15,369
14,369
14,369
13,369
13,369
12,369
12,369
11,369
11,369
10,369
10,369
9,369
9,369
8,369
8,369
7,369
7,369
6,369
6,369
5,369
5,369
5,368
5,368
5,367
5,367
6,367
6,367
7,367
7,367
8,367
8,367
8,367
8,367
9,366
9,366
9,365
9,365
10,365
10,365
10,365
10,365
10,364
10,364
10,363
10,363
11,363
11,363
11,362
11,362
11,361
11,361
11,360
11,360
11,359
11,359
11,358
11,358
11,357
11,357
11,356
11,356
11,355
11,355
11,354
11,354
11,353
11,353
11,352
11,352
11,351
11,351
11,350
11,350
11,349
11,349
11,348
11,348
11,347
11,347
11,346
11,346
11,345
11,345
11,344
11,344
11,343
11,343
11,342
11,342
11,341
11,341
11,340
11,340
11,339
11,339
11,338
11,338
11,337
11,337
11,336
11,336
11,335
11,335
11,334
11,334
11,333
11,333
11,332
11,332
11,331
11,331
11,330
11,330
11,329
11,329
11,328
11,328
11,327
11,327
11,326
11,326
11,325
11,325
11,324
11,324
11,323
11,323
11,322
11,322
11,321
11,321
11,320
11,320
11,319
11,319
11,318
11,318
11,317
11,317
11,316
11,316
11,315
11,315
11,314
11,314
11,313
11,313
11,312
11,312
11,311
11,311
11,310
11,310
11,309
11,309
11,308
11,308
11,307
11,307
11,306
11,306
11,305
11,305
11,304
11,304
11,303
11,303
11,302
11,302
11,301
11,301
11,300
11,300
10,300
10,300
9,300
9,300
8,300
8,300
7,300
7,300
6,300
6,300
5,300
5,300
4,300
4,300
4,299
4,299
4,298
4,298
5,298
5,298
5,298
5,298
6,298
6,298
7,298
7,298
8,298
8,298
9,298
9,298
9,297
9,297
10,297
10,297
11,297
11,297
12,297
12,297
13,297
13,297
13,297
13,297
14,297
14,297
14,296
14,296
15,296
15,296
