25,318
25,318
26,318
26,318
27,318
27,318
28,318
28,318
29,318
29,318
30,319
30,319
31,319
31,319
32,319
32,319
32,319
32,319
33,319
33,319
34,319
34,319
34,320
34,320
35,320
35,320
36,320
36,320
36,321
36,321
37,321
37,321
38,322
38,322
39,323
39,323
40,324
40,324
40,325
40,325
40,325
40,325
41,326
41,326
41,327
41,327
41,327
41,327
41,328
41,328
42,328
42,328
42,329
42,329
42,330
42,330
42,331
42,331
42,332
42,332
42,333
42,333
42,334
42,334
43,335
43,335
43,336
43,336
43,337
43,337
43,338
43,338
43,339
43,339
43,340
43,340
43,341
43,341
43,342
43,342
43,343
43,343
42,343
42,343
42,344
42,344
42,345
42,345
42,346
42,346
42,347
42,347
42,348
42,348
42,349
42,349
42,350
42,350
42,351
42,351
42,352
42,352
42,353
42,353
42,354
42,354
42,355
42,355
42,356
42,356
42,357
42,357
42,358
42,358
42,359
42,359
42,360
42,360
42,361
42,361
42,362
42,362
42,363
42,363
42,364
42,364
42,365
42,365
42,366
42,366
43,366
43,366
44,366
44,366
45,366
45,366
46,366
46,366
47,366
47,366
47,366
47,366
48,366
48,366
49,366
49,366
49,366
49,366
49,367
49,367
49,368
49,368
49,369
49,369
49,369
49,369
48,369
48,369
47,369
47,369
46,369
46,369
45,369
45,369
44,369
44,369
43,369
43,369
42,369
42,369
41,369
41,369
40,369
40,369
39,369
39,369
38,369
38,369
37,369
37,369
36,369
36,369
36,368
36,368
36,367
36,367
36,367
36,367
36,366
36,366
36,365
36,365
36,364
36,364
35,363
35,363
34,364
34,364
33,364
33,364
33,365
33,365
32,365
32,365
32,365
32,365
32,366
32,366
31,366
31,366
31,366
31,366
30,367
30,367
29,367
29,367
29,368
29,368
28,368
28,368
28,368
28,368
27,369
27,369
26,369
26,369
26,369
26,369
25,369
25,369
25,370
25,370
24,370
24,370
23,370
23,370
23,370
23,370
22,370
22,370
21,370
21,370
21,371
21,371
20,371
20,371
19,371
19,371
18,371
18,371
17,371
17,371
16,370
16,370
15,370
15,370
14,370
14,370
13,370
13,370
12,369
12,369
11,369
11,369
10,369
10,369
10,368
10,368
10,368
10,368
9,368
9,368
8,367
8,367
7,366
7,366
7,365
7,365
6,365
6,365
6,364
6,364
6,363
6,363
5,363
5,363
5,362
5,362
5,361
5,361
5,360
5,360
5,359
5,359
5,358
5,358
5,358
5,358
5,357
5,357
5,356
5,356
6,355
6,355
6,354
6,354
6,353
6,353
7,353
7,353
7,353
7,353
7,352
7,352
8,351
8,351
9,350
9,350
10,349
10,349
11,349
11,349
11,349
11,349
11,348
11,348
12,348
12,348
13,347
13,347
14,347
14,347
14,347
14,347
15,346
15,346
16,346
16,346
16,346
16,346
17,345
17,345
18,345
18,345
19,345
19,345
20,344
20,344
21,344
21,344
22,344
22,344
23,343
23,343
24,343
24,343
25,343
25,343
26,343
26,343
27,343
27,343
28,343
28,343
28,342
28,342
29,342
29,342
30,342
30,342
31,342
31,342
32,342
32,342
33,342
33,342
34,342
34,342
35,342
35,342
35,341
35,341
35,340
35,340
35,339
35,339
35,338
35,338
35,337
35,337
35,336
35,336
35,335
35,335
35,334
35,334
35,333
35,333
35,332
35,332
35,331
35,331
35,330
35,330
35,329
35,329
35,329
35,329
35,328
35,328
34,327
34,327
34,326
34,326
34,325
34,325
33,325
33,325
33,324
33,324
33,324
33,324
32,323
32,323
31,323
31,323
31,322
31,322
30,322
30,322
29,322
29,322
28,321
28,321
27,321
27,321
26,321
26,321
25,321
25,321
24,321
24,321
23,321
23,321
22,321
22,321
21,321
21,321
21,322
21,322
20,322
20,322
19,322
19,322
19,322
19,322
18,322
18,322
18,323
18,323
17,323
17,323
17,323
17,323
16,324
16,324
15,325
15,325
14,326
14,326
14,326
14,326
14,327
14,327
14,328
14,328
15,328
15,328
15,329
15,329
15,330
15,330
15,331
15,331
15,332
15,332
14,333
14,333
14,333
14,333
14,334
14,334
13,334
13,334
12,334
12,334
11,334
11,334
11,334
11,334
10,334
10,334
9,333
9,333
8,332
8,332
8,331
8,331
8,330
8,330
8,329
8,329
8,329
8,329
8,328
8,328
8,327
8,327
9,327
9,327
9,326
9,326
9,325
9,325
10,325
10,325
10,325
10,325
10,324
10,324
11,324
11,324
11,324
11,324
11,323
11,323
12,323
12,323
12,323
12,323
13,322
13,322
14,322
14,322
14,321
14,321
15,321
15,321
16,321
16,321
16,320
16,320
17,320
17,320
18,320
18,320
18,320
18,320
19,320
19,320
19,319
19,319
20,319
20,319
21,319
21,319
22,319
22,319
23,319
23,319
24,319
24,319
35,351
35,350
35,350
35,349
35,349
35,348
35,348
35,347
35,347
35,346
35,346
35,345
35,345
34,345
34,345
33,345
33,345
32,345
32,345
31,345
31,345
30,345
30,345
29,345
29,345
28,345
28,345
27,345
27,345
26,346
26,346
25,346
25,346
24,346
24,346
24,346
24,346
23,346
23,346
23,347
23,347
22,347
22,347
21,347
21,347
21,347
21,347
20,348
20,348
19,348
19,348
19,348
19,348
18,349
18,349
17,349
17,349
17,349
17,349
17,350
17,350
16,350
16,350
16,350
16,350
16,351
16,351
15,351
15,351
15,351
15,351
15,352
15,352
14,352
14,352
14,353
14,353
14,354
14,354
13,354
13,354
13,355
13,355
13,356
13,356
13,357
13,357
13,358
13,358
13,359
13,359
13,360
13,360
13,360
13,360
13,361
13,361
14,361
14,361
14,362
14,362
14,363
14,363
15,363
15,363
15,364
15,364
15,364
15,364
16,364
16,364
17,365
17,365
18,365
18,365
19,366
19,366
20,366
20,366
21,366
21,366
22,366
22,366
23,366
23,366
24,366
24,366
25,366
25,366
26,365
26,365
27,365
27,365
28,365
28,365
28,365
28,365
29,364
29,364
30,364
30,364
30,364
30,364
31,363
31,363
32,363
32,363
32,363
32,363
32,362
32,362
33,362
33,362
33,362
33,362
34,361
34,361
35,360
35,360
35,359
35,359
35,358
35,358
35,357
35,357
35,356
35,356
35,355
35,355
35,354
35,354
35,353
35,353
35,352
35,352
35,351
