33,318
33,318
34,318
34,318
35,318
35,318
36,318
36,318
37,318
37,318
37,319
37,319
38,319
38,319
39,319
39,319
39,319
39,319
40,319
40,319
41,319
41,319
41,320
41,320
42,320
42,320
42,320
42,320
43,320
43,320
44,321
44,321
45,321
45,321
45,322
45,322
45,322
45,322
46,322
46,322
46,323
46,323
46,323
46,323
47,323
47,323
47,324
47,324
48,325
48,325
49,325
49,325
49,325
49,325
49,324
49,324
50,324
50,324
51,323
51,323
52,323
52,323
52,323
52,323
52,322
52,322
53,322
53,322
54,322
54,322
54,321
54,321
55,321
55,321
56,321
56,321
56,320
56,320
57,320
57,320
58,320
58,320
59,319
59,319
60,319
60,319
61,319
61,319
62,319
62,319
63,318
63,318
64,318
64,318
65,318
65,318
66,318
66,318
67,318
67,318
67,319
67,319
68,319
68,319
69,319
69,319
70,319
70,319
71,319
71,319
72,320
72,320
72,320
72,320
73,320
73,320
74,321
74,321
74,321
74,321
75,321
75,321
75,322
75,322
76,322
76,322
76,323
76,323
77,323
77,323
77,324
77,324
77,324
77,324
78,324
78,324
78,325
78,325
78,326
78,326
79,326
79,326
79,327
79,327
79,328
79,328
80,329
80,329
80,330
80,330
80,331
80,331
80,332
80,332
80,333
80,333
81,333
81,333
81,334
81,334
81,335
81,335
81,336
81,336
81,337
81,337
81,338
81,338
81,339
81,339
81,340
81,340
81,341
81,341
81,342
81,342
81,343
81,343
81,344
81,344
81,345
81,345
81,346
81,346
81,347
81,347
81,348
81,348
81,349
81,349
81,350
81,350
81,351
81,351
81,352
81,352
81,353
81,353
81,354
81,354
81,355
81,355
81,356
81,356
81,357
81,357
81,358
81,358
81,359
81,359
81,360
81,360
81,361
81,361
81,362
81,362
81,363
81,363
81,364
81,364
81,365
81,365
80,365
80,365
80,366
80,366
81,366
81,366
82,366
82,366
83,366
83,366
84,366
84,366
85,366
85,366
85,366
85,366
86,366
86,366
87,366
87,366
87,367
87,367
87,368
87,368
87,369
87,369
86,369
86,369
85,369
85,369
84,369
84,369
83,369
83,369
82,369
82,369
81,369
81,369
80,369
80,369
79,369
79,369
78,369
78,369
77,369
77,369
76,369
76,369
75,369
75,369
74,369
74,369
73,369
73,369
72,369
72,369
71,369
71,369
70,369
70,369
69,369
69,369
68,369
68,369
67,369
67,369
67,368
67,368
67,367
67,367
68,367
68,367
69,367
69,367
70,367
70,367
70,366
70,366
71,366
71,366
71,366
71,366
71,365
71,365
72,365
72,365
72,365
72,365
72,364
72,364
73,363
73,363
73,362
73,362
73,361
73,361
73,361
73,361
73,360
73,360
73,359
73,359
73,358
73,358
73,357
73,357
73,356
73,356
73,355
73,355
73,354
73,354
73,353
73,353
73,352
73,352
73,351
73,351
73,350
73,350
73,349
73,349
73,348
73,348
73,347
73,347
73,346
73,346
73,345
73,345
73,344
73,344
73,343
73,343
73,342
73,342
73,341
73,341
73,340
73,340
73,339
73,339
73,338
73,338
73,337
73,337
73,336
73,336
73,335
73,335
73,335
73,335
73,334
73,334
73,333
73,333
72,332
72,332
72,331
72,331
72,330
72,330
72,330
72,330
72,329
72,329
71,329
71,329
71,328
71,328
71,327
71,327
70,327
70,327
70,326
70,326
70,326
70,326
69,326
69,326
69,325
69,325
69,325
69,325
68,325
68,325
68,324
68,324
67,324
67,324
66,324
66,324
66,323
66,323
65,323
65,323
65,323
65,323
64,323
64,323
63,323
63,323
62,323
62,323
61,323
61,323
60,323
60,323
59,323
59,323
58,323
58,323
58,323
58,323
57,323
57,323
56,324
56,324
55,324
55,324
54,324
54,324
54,325
54,325
53,325
53,325
52,326
52,326
51,326
51,326
51,326
51,326
51,327
51,327
50,327
50,327
49,328
49,328
49,329
49,329
50,329
50,329
50,330
50,330
50,331
50,331
50,332
50,332
50,333
50,333
50,334
50,334
50,335
50,335
50,336
50,336
50,337
50,337
50,338
50,338
50,339
50,339
50,340
50,340
50,341
50,341
50,342
50,342
50,343
50,343
50,344
50,344
50,345
50,345
50,346
50,346
50,347
50,347
50,348
50,348
50,349
50,349
50,350
50,350
50,351
50,351
50,352
50,352
50,353
50,353
50,354
50,354
50,355
50,355
50,356
50,356
50,357
50,357
50,358
50,358
50,359
50,359
50,360
50,360
50,361
50,361
50,362
50,362
50,363
50,363
50,364
50,364
50,365
50,365
50,366
50,366
51,366
51,366
52,366
52,366
53,366
53,366
54,366
54,366
55,366
55,366
56,366
56,366
56,367
56,367
56,368
56,368
56,369
56,369
55,369
55,369
54,369
54,369
53,369
53,369
52,369
52,369
51,369
51,369
50,369
50,369
49,369
49,369
48,369
48,369
47,369
47,369
46,369
46,369
45,369
45,369
44,369
44,369
43,369
43,369
42,369
42,369
41,369
41,369
40,369
40,369
39,369
39,369
38,369
38,369
37,369
37,369
36,369
36,369
36,368
36,368
36,367
36,367
37,367
37,367
38,367
38,367
39,367
39,367
39,366
39,366
40,366
40,366
41,365
41,365
41,364
41,364
42,364
42,364
42,363
42,363
42,363
42,363
42,362
42,362
42,361
42,361
42,360
42,360
42,359
42,359
42,358
42,358
42,357
42,357
42,356
42,356
42,355
42,355
42,354
42,354
42,353
42,353
42,352
42,352
42,351
42,351
42,350
42,350
42,349
42,349
42,348
42,348
42,347
42,347
42,346
42,346
42,345
42,345
42,344
42,344
42,343
42,343
42,342
42,342
42,341
42,341
42,340
42,340
42,339
42,339
42,338
42,338
42,337
42,337
42,336
42,336
42,335
42,335
42,334
42,334
42,333
42,333
42,332
42,332
42,331
42,331
41,330
41,330
41,329
41,329
41,328
41,328
40,328
40,328
40,327
40,327
39,326
39,326
39,325
39,325
39,325
39,325
38,325
38,325
38,324
38,324
37,324
37,324
36,324
36,324
36,323
36,323
35,323
35,323
34,323
34,323
33,323
33,323
32,323
32,323
31,323
31,323
30,323
30,323
29,323
29,323
28,323
28,323
27,323
27,323
27,323
27,323
26,323
26,323
25,324
25,324
24,324
24,324
24,324
24,324
23,325
23,325
22,325
22,325
22,325
22,325
22,326
22,326
21,326
21,326
20,327
20,327
19,328
19,328
19,329
19,329
19,330
19,330
19,331
19,331
19,332
19,332
19,333
19,333
19,334
19,334
19,335
19,335
19,336
19,336
19,337
19,337
19,338
19,338
19,339
19,339
19,340
19,340
19,341
19,341
19,342
19,342
19,343
19,343
19,344
19,344
19,345
19,345
19,346
19,346
19,347
19,347
19,348
19,348
19,349
19,349
19,350
19,350
19,351
19,351
19,352
19,352
19,353
19,353
19,354
19,354
19,355
19,355
19,356
19,356
19,357
19,357
19,358
19,358
19,359
19,359
19,360
19,360
19,361
19,361
19,362
19,362
19,363
19,363
19,364
19,364
19,365
19,365
19,366
19,366
20,366
20,366
21,366
21,366
22,366
22,366
23,366
23,366
24,366
24,366
24,366
24,366
25,366
25,366
25,366
25,366
25,367
25,367
25,368
25,368
25,369
25,369
25,369
25,369
24,369
24,369
23,369
23,369
22,369
22,369
21,369
21,369
20,369
20,369
19,369
19,369
18,369
18,369
17,369
17,369
16,369
16,369
15,369
15,369
14,369
14,369
13,369
13,369
12,369
12,369
11,369
11,369
10,369
10,369
9,369
9,369
8,369
8,369
7,369
7,369
6,369
6,369
6,369
6,369
6,368
6,368
6,367
6,367
6,367
6,367
7,367
7,367
8,367
8,367
9,366
9,366
10,366
10,366
10,366
10,366
10,365
10,365
11,364
11,364
11,363
11,363
11,362
11,362
12,362
12,362
12,361
12,361
12,360
12,360
12,359
12,359
12,358
12,358
12,357
12,357
12,356
12,356
12,355
12,355
12,354
12,354
12,353
12,353
12,352
12,352
12,351
12,351
12,350
12,350
12,349
12,349
12,348
12,348
12,347
12,347
12,346
12,346
12,345
12,345
12,344
12,344
12,343
12,343
12,342
12,342
12,341
12,341
12,340
12,340
12,339
12,339
12,338
12,338
12,337
12,337
12,336
12,336
12,335
12,335
12,334
12,334
12,333
12,333
12,332
12,332
12,331
12,331
12,330
12,330
12,329
12,329
12,328
12,328
12,327
12,327
12,327
12,327
12,326
12,326
12,325
12,325
11,325
11,325
10,325
10,325
9,325
9,325
8,325
8,325
7,325
7,325
6,325
6,325
5,325
5,325
5,324
5,324
5,323
5,323
5,322
5,322
6,322
6,322
7,322
7,322
8,322
8,322
9,322
9,322
10,322
10,322
10,321
10,321
11,321
11,321
12,321
12,321
13,321
13,321
14,321
14,321
15,320
15,320
16,320
16,320
16,320
16,320
16,319
16,319
17,319
17,319
17,319
17,319
18,319
18,319
19,319
19,319
19,320
19,320
19,321
19,321
19,321
19,321
19,322
19,322
19,323
19,323
19,324
19,324
20,324
20,324
21,324
21,324
21,324
21,324
21,323
21,323
22,323
22,323
22,323
22,323
23,322
23,322
24,322
24,322
24,321
24,321
25,321
25,321
26,321
26,321
26,320
26,320
27,320
27,320
28,320
28,320
29,319
29,319
30,319
30,319
31,319
31,319
32,319
32,319
