7,320
7,320
8,320
8,320
9,320
9,320
10,320
10,320
11,320
11,320
12,320
12,320
13,320
13,320
14,320
14,320
15,320
15,320
16,320
16,320
17,320
17,320
18,320
18,320
19,320
19,320
20,320
20,320
20,321
20,321
20,322
20,322
19,322
19,322
18,322
18,322
17,322
17,322
17,323
17,323
16,323
16,323
16,323
16,323
16,324
16,324
15,324
15,324
15,325
15,325
15,326
15,326
15,327
15,327
15,328
15,328
15,329
15,329
16,330
16,330
16,331
16,331
16,332
16,332
17,333
17,333
17,334
17,334
17,335
17,335
18,335
18,335
18,336
18,336
18,337
18,337
19,338
19,338
19,339
19,339
19,339
19,339
20,340
20,340
20,341
20,341
20,341
20,341
20,342
20,342
21,342
21,342
21,343
21,343
21,344
21,344
22,344
22,344
22,345
22,345
22,346
22,346
23,347
23,347
23,348
23,348
23,348
23,348
24,349
24,349
24,350
24,350
24,351
24,351
25,351
25,351
25,352
25,352
25,353
25,353
26,354
26,354
26,355
26,355
26,355
26,355
27,356
27,356
27,357
27,357
27,358
27,358
28,358
28,358
28,359
28,359
28,360
28,360
29,360
29,360
29,359
29,359
29,358
29,358
30,358
30,358
30,357
30,357
30,357
30,357
30,356
30,356
30,355
30,355
31,355
31,355
31,354
31,354
31,353
31,353
31,352
31,352
32,352
32,352
32,351
32,351
32,350
32,350
33,349
33,349
33,348
33,348
33,347
33,347
34,347
34,347
34,346
34,346
34,346
34,346
34,345
34,345
34,344
34,344
35,344
35,344
35,343
35,343
35,343
35,343
35,342
35,342
36,341
36,341
36,340
36,340
36,339
36,339
37,338
37,338
37,337
37,337
37,336
37,336
38,336
38,336
38,335
38,335
38,335
38,335
38,334
38,334
38,333
38,333
39,333
39,333
39,332
39,332
39,331
39,331
40,330
40,330
40,329
40,329
40,328
40,328
41,328
41,328
41,327
41,327
41,326
41,326
42,325
42,325
42,325
42,325
42,324
42,324
42,323
42,323
41,323
41,323
40,323
40,323
39,323
39,323
38,323
38,323
38,323
38,323
37,323
37,323
36,323
36,323
36,323
36,323
36,322
36,322
36,321
36,321
36,320
36,320
37,320
37,320
38,320
38,320
39,320
39,320
40,320
40,320
41,320
41,320
42,320
42,320
43,320
43,320
44,320
44,320
45,320
45,320
46,320
46,320
47,320
47,320
48,320
48,320
49,320
49,320
50,320
50,320
51,320
51,320
51,321
51,321
51,322
51,322
50,322
50,322
49,322
49,322
49,323
49,323
48,323
48,323
47,324
47,324
46,325
46,325
46,326
46,326
45,326
45,326
45,326
45,326
45,327
45,327
44,328
44,328
44,328
44,328
44,329
44,329
44,330
44,330
43,330
43,330
43,331
43,331
43,332
43,332
42,332
42,332
42,333
42,333
42,333
42,333
42,334
42,334
41,335
41,335
41,336
41,336
41,337
41,337
40,337
40,337
40,338
40,338
40,338
40,338
40,339
40,339
40,340
40,340
39,340
39,340
39,341
39,341
39,342
39,342
38,343
38,343
38,343
38,343
38,344
38,344
38,345
38,345
37,345
37,345
37,346
37,346
37,346
37,346
37,347
37,347
36,348
36,348
36,349
36,349
36,350
36,350
35,350
35,350
35,351
35,351
35,351
35,351
35,352
35,352
34,353
34,353
34,354
34,354
34,355
34,355
33,356
33,356
33,356
33,356
33,357
33,357
33,358
33,358
32,358
32,358
32,359
32,359
32,360
32,360
31,361
31,361
31,362
31,362
31,363
31,363
30,363
30,363
30,364
30,364
30,364
30,364
30,365
30,365
29,366
29,366
29,367
29,367
29,368
29,368
28,368
28,368
28,369
28,369
28,369
28,369
27,369
27,369
26,369
26,369
25,369
25,369
25,369
25,369
24,369
24,369
24,368
24,368
24,367
24,367
24,367
24,367
23,366
23,366
23,365
23,365
23,365
23,365
22,364
22,364
22,363
22,363
22,362
22,362
21,362
21,362
21,361
21,361
21,360
21,360
21,360
21,360
20,359
20,359
20,358
20,358
20,358
20,358
20,357
20,357
19,357
19,357
19,356
19,356
19,355
19,355
18,355
18,355
18,354
18,354
18,353
18,353
17,352
17,352
17,351
17,351
17,351
17,351
16,350
16,350
16,349
16,349
16,349
16,349
16,348
16,348
15,348
15,348
15,347
15,347
15,346
15,346
14,346
14,346
14,345
14,345
14,344
14,344
14,344
14,344
13,343
13,343
13,342
13,342
13,342
13,342
13,341
13,341
12,341
12,341
12,340
12,340
12,339
12,339
11,339
11,339
11,338
11,338
11,337
11,337
10,336
10,336
10,335
10,335
10,335
10,335
9,334
9,334
9,333
9,333
9,332
9,332
8,332
8,332
8,331
8,331
8,330
8,330
8,330
8,330
8,329
8,329
7,328
7,328
7,327
7,327
7,326
7,326
7,325
7,325
6,324
6,324
6,323
6,323
5,323
5,323
4,323
4,323
3,323
3,323
3,323
3,323
2,323
2,323
2,322
2,322
2,321
2,321
2,320
2,320
3,320
3,320
4,320
4,320
5,320
5,320
6,320
6,320
