9,320
9,320
10,320
10,320
11,320
11,320
12,320
12,320
13,320
13,320
14,320
14,320
15,320
15,320
16,320
16,320
17,320
17,320
18,320
18,320
19,320
19,320
20,320
20,320
21,320
21,320
21,321
21,321
21,322
21,322
21,322
21,322
20,322
20,322
19,322
19,322
18,323
18,323
17,323
17,323
17,324
17,324
16,325
16,325
16,326
16,326
16,327
16,327
16,328
16,328
16,329
16,329
16,330
16,330
17,330
17,330
17,331
17,331
17,332
17,332
17,332
17,332
17,333
17,333
18,333
18,333
18,334
18,334
18,335
18,335
19,335
19,335
19,336
19,336
19,337
19,337
19,337
19,337
20,338
20,338
20,339
20,339
20,339
20,339
21,340
21,340
21,341
21,341
21,341
21,341
22,342
22,342
22,343
22,343
22,343
22,343
22,344
22,344
23,344
23,344
23,345
23,345
23,346
23,346
24,346
24,346
24,347
24,347
24,348
24,348
25,348
25,348
25,349
25,349
25,350
25,350
26,350
26,350
26,351
26,351
26,352
26,352
27,353
27,353
27,354
27,354
27,354
27,354
28,355
28,355
28,356
28,356
28,356
28,356
29,357
29,357
29,358
29,358
29,358
29,358
30,359
30,359
30,360
30,360
31,360
31,360
32,360
32,360
32,359
32,359
32,358
32,358
33,357
33,357
33,356
33,356
33,355
33,355
34,354
34,354
34,353
34,353
34,352
34,352
35,351
35,351
35,351
35,351
35,350
35,350
35,349
35,349
36,349
36,349
36,348
36,348
36,348
36,348
36,347
36,347
36,346
36,346
37,346
37,346
37,345
37,345
37,345
37,345
37,344
37,344
37,343
37,343
38,343
38,343
38,342
38,342
38,342
38,342
38,341
38,341
38,340
38,340
39,340
39,340
39,339
39,339
39,339
39,339
39,338
39,338
39,337
39,337
40,337
40,337
40,336
40,336
40,336
40,336
40,335
40,335
40,334
40,334
41,334
41,334
41,333
41,333
41,333
41,333
41,332
41,332
41,331
41,331
42,331
42,331
42,330
42,330
42,329
42,329
43,328
43,328
43,328
43,328
43,327
43,327
44,326
44,326
44,326
44,326
44,325
44,325
45,324
45,324
45,324
45,324
45,323
45,323
44,323
44,323
43,323
43,323
42,323
42,323
41,323
41,323
40,323
40,323
39,323
39,323
39,323
39,323
38,323
38,323
38,322
38,322
38,321
38,321
38,320
38,320
39,320
39,320
40,320
40,320
41,320
41,320
42,320
42,320
43,320
43,320
44,320
44,320
45,320
45,320
46,320
46,320
47,320
47,320
48,320
48,320
49,320
49,320
50,320
50,320
51,320
51,320
52,320
52,320
52,321
52,321
52,322
52,322
52,322
52,322
52,323
52,323
51,323
51,323
50,323
50,323
50,324
50,324
49,324
49,324
49,324
49,324
49,325
49,325
48,325
48,325
48,325
48,325
48,326
48,326
47,326
47,326
47,326
47,326
47,327
47,327
46,328
46,328
46,328
46,328
46,329
46,329
45,330
45,330
45,330
45,330
45,331
45,331
45,332
45,332
44,332
44,332
44,333
44,333
44,334
44,334
43,335
43,335
43,335
43,335
43,336
43,336
43,337
43,337
42,337
42,337
42,338
42,338
42,338
42,338
42,339
42,339
42,340
42,340
41,340
41,340
41,341
41,341
41,341
41,341
41,342
41,342
40,343
40,343
40,344
40,344
40,345
40,345
39,346
39,346
39,347
39,347
39,348
39,348
38,348
38,348
38,349
38,349
38,349
38,349
38,350
38,350
38,351
38,351
37,351
37,351
37,352
37,352
37,352
37,352
37,353
37,353
37,354
37,354
36,354
36,354
36,355
36,355
36,356
36,356
35,357
35,357
35,358
35,358
35,359
35,359
34,360
34,360
34,361
34,361
34,362
34,362
33,362
33,362
33,363
33,363
33,363
33,363
33,364
33,364
33,365
33,365
32,365
32,365
32,366
32,366
32,366
32,366
32,367
32,367
32,368
32,368
31,368
31,368
31,369
31,369
31,370
31,370
30,371
30,371
30,372
30,372
30,373
30,373
29,374
29,374
29,374
29,374
29,375
29,375
29,376
29,376
28,376
28,376
28,377
28,377
28,377
28,377
28,378
28,378
27,379
27,379
27,380
27,380
27,381
27,381
26,381
26,381
26,382
26,382
26,382
26,382
26,383
26,383
25,384
25,384
25,384
25,384
25,385
25,385
25,386
25,386
24,386
24,386
24,387
24,387
24,388
24,388
23,388
23,388
23,389
23,389
22,390
22,390
22,390
22,390
22,391
22,391
21,391
21,391
21,392
21,392
20,393
20,393
19,394
19,394
18,394
18,394
18,395
18,395
17,395
17,395
17,395
17,395
16,396
16,396
15,396
15,396
14,396
14,396
13,396
13,396
12,396
12,396
11,396
11,396
10,396
10,396
9,396
9,396
9,395
9,395
8,395
8,395
7,394
7,394
7,393
7,393
6,393
6,393
6,392
6,392
6,391
6,391
6,390
6,390
6,389
6,389
7,389
7,389
7,388
7,388
8,387
8,387
9,387
9,387
9,387
9,387
10,387
10,387
11,387
11,387
12,387
12,387
12,388
12,388
12,388
12,388
13,389
13,389
13,390
13,390
13,391
13,391
13,392
13,392
14,393
14,393
15,393
15,393
16,393
16,393
16,392
16,392
17,392
17,392
18,392
18,392
18,392
18,392
18,391
18,391
19,391
19,391
19,391
19,391
19,390
19,390
20,390
20,390
20,390
20,390
20,389
20,389
21,388
21,388
21,387
21,387
22,387
22,387
22,386
22,386
22,386
22,386
22,385
22,385
23,384
23,384
23,384
23,384
23,383
23,383
23,382
23,382
24,382
24,382
24,381
24,381
24,380
24,380
25,380
25,380
25,379
25,379
25,379
25,379
25,378
25,378
25,377
25,377
26,377
26,377
26,376
26,376
26,375
26,375
27,374
27,374
27,373
27,373
27,372
27,372
28,372
28,372
28,371
28,371
28,370
28,370
27,370
27,370
27,369
27,369
27,368
27,368
26,368
26,368
26,367
26,367
26,366
26,366
25,366
25,366
25,365
25,365
25,364
25,364
24,364
24,364
24,363
24,363
24,362
24,362
24,362
24,362
23,361
23,361
23,360
23,360
23,360
23,360
22,359
22,359
22,358
22,358
22,358
22,358
21,357
21,357
21,356
21,356
21,356
21,356
21,355
21,355
20,355
20,355
20,354
20,354
20,353
20,353
19,353
19,353
19,352
19,352
19,351
19,351
18,351
18,351
18,350
18,350
18,349
18,349
17,349
17,349
17,348
17,348
17,347
17,347
17,347
17,347
16,346
16,346
16,345
16,345
16,345
16,345
15,344
15,344
15,343
15,343
15,343
15,343
14,342
14,342
14,341
14,341
14,341
14,341
14,340
14,340
13,340
13,340
13,339
13,339
13,338
13,338
12,338
12,338
12,337
12,337
12,336
12,336
11,336
11,336
11,335
11,335
11,334
11,334
10,333
10,333
10,332
10,332
10,332
10,332
9,331
9,331
9,330
9,330
9,329
9,329
8,329
8,329
8,328
8,328
8,327
8,327
8,327
8,327
8,326
8,326
7,326
7,326
7,325
7,325
7,324
7,324
7,324
7,324
7,323
7,323
6,323
6,323
5,323
5,323
4,323
4,323
3,323
3,323
2,323
2,323
2,323
2,323
2,322
2,322
2,321
2,321
2,320
2,320
3,320
3,320
4,320
4,320
5,320
5,320
6,320
6,320
7,320
7,320
8,320
8,320
