25,352
26,352
26,352
27,352
27,352
27,352
27,352
28,352
28,352
28,353
28,353
28,353
28,353
28,354
28,354
28,354
28,354
27,355
27,355
26,354
26,354
26,354
26,354
25,353
25,353
24,353
24,353
23,354
23,354
22,355
22,355
22,355
22,355
22,356
22,356
22,357
22,357
22,358
22,358
23,359
23,359
23,360
23,360
23,360
23,360
24,361
24,361
24,362
24,362
24,363
24,363
24,364
24,364
24,365
24,365
23,366
23,366
23,366
23,366
23,367
23,367
22,368
22,368
22,368
22,368
22,369
22,369
21,369
21,369
21,369
21,369
20,370
20,370
19,370
19,370
19,371
19,371
18,371
18,371
17,371
17,371
16,371
16,371
15,372
15,372
14,372
14,372
13,372
13,372
12,372
12,372
12,371
12,371
11,371
11,371
10,372
10,372
9,372
9,372
9,371
9,371
8,370
8,370
7,369
7,369
7,369
7,369
6,369
6,369
6,368
6,368
6,368
6,368
5,367
5,367
5,366
5,366
5,366
5,366
5,365
5,365
5,364
5,364
5,363
5,363
5,362
5,362
5,361
5,361
5,360
5,360
6,360
6,360
6,359
6,359
6,358
6,358
7,358
7,358
7,358
7,358
7,357
7,357
8,357
8,357
8,357
8,357
9,356
9,356
10,356
10,356
11,355
11,355
12,355
12,355
13,355
13,355
14,355
14,355
15,355
15,355
16,355
16,355
16,355
16,355
17,355
17,355
18,355
18,355
19,356
19,356
19,356
19,356
20,356
20,356
21,356
21,356
21,356
21,356
21,355
21,355
22,355
22,355
22,354
22,354
23,353
23,353
24,353
24,353
24,352
24,352
25,352
19,359
19,358
19,358
19,357
19,357
18,357
18,357
18,356
18,356
18,356
18,356
17,356
17,356
16,355
16,355
15,355
15,355
15,355
15,355
14,355
14,355
13,355
13,355
12,355
12,355
11,356
11,356
10,356
10,356
10,356
10,356
10,357
10,357
9,357
9,357
9,358
9,358
9,359
9,359
8,359
8,359
8,360
8,360
8,360
8,360
8,361
8,361
8,362
8,362
8,363
8,363
8,364
8,364
8,365
8,365
8,366
8,366
8,366
8,366
8,367
8,367
9,367
9,367
9,368
9,368
9,369
9,369
10,369
10,369
10,370
10,370
10,370
10,370
11,370
11,370
11,371
11,371
12,371
12,371
13,371
13,371
14,371
14,371
15,371
15,371
16,371
16,371
17,371
17,371
17,371
17,371
18,370
18,370
19,369
19,369
19,368
19,368
20,368
20,368
20,367
20,367
20,366
20,366
20,365
20,365
21,365
21,365
21,364
21,364
21,363
21,363
20,363
20,363
20,362
20,362
20,361
20,361
20,360
20,360
20,360
20,360
20,359
20,359
23,383
23,382
23,382
23,382
23,382
22,382
22,382
21,381
21,381
20,381
20,381
19,381
19,381
18,381
18,381
17,381
17,381
16,380
16,380
15,380
15,380
14,380
14,380
13,380
13,380
12,380
12,380
11,380
11,380
10,380
10,380
9,380
9,380
8,381
8,381
7,382
7,382
7,383
7,383
6,383
6,383
6,384
6,384
6,384
6,384
6,385
6,385
6,386
6,386
6,387
6,387
6,388
6,388
7,388
7,388
7,389
7,389
8,390
8,390
9,390
9,390
9,391
9,391
10,391
10,391
10,391
10,391
11,391
11,391
12,391
12,391
13,392
13,392
14,392
14,392
15,392
15,392
16,392
16,392
17,392
17,392
18,392
18,392
18,391
18,391
19,391
19,391
20,391
20,391
21,391
21,391
21,390
21,390
22,390
22,390
23,389
23,389
24,389
24,389
24,388
24,388
24,387
24,387
25,387
25,387
25,386
25,386
25,385
25,385
24,384
24,384
24,383
24,383
24,383
24,383
15,378
15,378
16,378
16,378
17,378
17,378
18,378
18,378
19,378
19,378
20,378
20,378
20,379
20,379
21,379
21,379
21,379
21,379
22,379
22,379
23,379
23,379
23,380
23,380
24,380
24,380
25,381
25,381
26,382
26,382
26,383
26,383
26,383
26,383
26,384
26,384
26,385
26,385
26,386
26,386
26,386
26,386
26,387
26,387
26,388
26,388
25,388
25,388
25,388
25,388
25,389
25,389
24,389
24,389
24,389
24,389
24,390
24,390
23,390
23,390
22,391
22,391
21,391
21,391
20,391
20,391
20,392
20,392
19,392
19,392
18,392
18,392
17,392
17,392
16,392
16,392
15,392
15,392
14,392
14,392
13,392
13,392
12,392
12,392
11,392
11,392
10,392
10,392
9,392
9,392
9,391
9,391
8,391
8,391
8,391
8,391
7,391
7,391
6,390
6,390
6,390
6,390
5,390
5,390
5,389
5,389
5,389
5,389
4,389
4,389
4,388
4,388
4,387
4,387
3,386
3,386
4,386
4,386
4,385
4,385
4,384
4,384
4,383
4,383
5,383
5,383
5,383
5,383
5,382
5,382
6,382
6,382
7,381
7,381
7,380
7,380
6,379
6,379
5,378
5,378
5,377
5,377
5,376
5,376
5,375
5,375
5,374
5,374
6,374
6,374
6,373
6,373
7,373
7,373
7,373
7,373
7,372
7,372
8,372
8,372
8,372
8,372
7,373
7,373
7,374
7,374
6,374
6,374
6,375
6,375
6,376
6,376
7,376
7,376
7,377
7,377
7,377
7,377
8,377
8,377
9,377
9,377
10,377
10,377
10,378
10,378
11,378
11,378
12,378
12,378
13,378
13,378
14,378
14,378
