7,355
7,355
8,355
8,355
9,355
9,355
10,355
10,355
11,355
11,355
11,356
11,356
11,356
11,356
10,356
10,356
9,357
9,357
9,358
9,358
9,359
9,359
9,360
9,360
9,361
9,361
9,362
9,362
9,363
9,363
10,363
10,363
10,364
10,364
10,365
10,365
10,365
10,365
10,366
10,366
11,366
11,366
11,367
11,367
11,368
11,368
11,368
11,368
11,369
11,369
12,369
12,369
12,370
12,370
12,371
12,371
12,371
12,371
12,372
12,372
13,372
13,372
13,373
13,373
14,373
14,373
15,373
15,373
15,372
15,372
15,372
15,372
15,371
15,371
15,370
15,370
16,370
16,370
16,369
16,369
16,369
16,369
16,368
16,368
16,367
16,367
17,367
17,367
17,366
17,366
17,366
17,366
17,365
17,365
17,364
17,364
18,364
18,364
18,363
18,363
18,363
18,363
18,362
18,362
18,361
18,361
19,361
19,361
19,360
19,360
19,360
19,360
19,359
19,359
19,358
19,358
20,358
20,358
20,357
20,357
20,357
20,357
20,356
20,356
20,355
20,355
21,355
21,355
22,355
22,355
22,356
22,356
22,357
22,357
22,357
22,357
22,358
22,358
23,358
23,358
23,359
23,359
23,360
23,360
23,360
23,360
23,361
23,361
24,361
24,361
24,362
24,362
24,363
24,363
24,363
24,363
25,364
25,364
25,365
25,365
25,366
25,366
26,367
26,367
26,368
26,368
26,369
26,369
27,370
27,370
27,371
27,371
27,372
27,372
28,373
28,373
28,374
28,374
29,374
29,374
30,373
30,373
30,372
30,372
30,371
30,371
31,370
31,370
31,369
31,369
31,368
31,368
32,367
32,367
32,366
32,366
32,365
32,365
33,364
33,364
33,363
33,363
33,362
33,362
34,361
34,361
34,361
34,361
34,360
34,360
34,359
34,359
35,359
35,359
35,358
35,358
35,358
35,358
35,357
35,357
34,356
34,356
33,356
33,356
33,357
33,357
33,356
33,356
33,355
33,355
34,355
34,355
35,355
35,355
36,355
36,355
37,355
37,355
38,355
38,355
39,355
39,355
40,355
40,355
40,356
40,356
40,356
40,356
39,356
39,356
38,356
38,356
38,357
38,357
37,357
37,357
37,357
37,357
36,358
36,358
36,358
36,358
36,359
36,359
35,360
35,360
35,360
35,360
35,361
35,361
35,362
35,362
34,362
34,362
34,363
34,363
34,363
34,363
34,364
34,364
33,365
33,365
33,366
33,366
33,367
33,367
32,368
32,368
32,369
32,369
32,370
32,370
31,370
31,370
31,371
31,371
31,371
31,371
31,372
31,372
31,373
31,373
30,373
30,373
30,374
30,374
30,374
30,374
30,375
30,375
29,376
29,376
29,377
29,377
29,378
29,378
28,379
28,379
28,379
28,379
28,380
28,380
27,380
27,380
27,379
27,379
27,379
27,379
27,378
27,378
26,378
26,378
26,377
26,377
26,376
26,376
25,375
25,375
25,374
25,374
25,373
25,373
24,372
24,372
24,371
24,371
24,370
24,370
23,369
23,369
23,368
23,368
23,367
23,367
22,366
22,366
22,365
22,365
22,365
22,365
22,364
22,364
21,364
21,364
21,363
21,363
21,362
21,362
21,362
21,362
20,361
20,361
19,362
19,362
19,363
19,363
18,364
18,364
18,365
18,365
18,366
18,366
17,367
17,367
17,368
17,368
17,369
17,369
16,370
16,370
16,371
16,371
16,372
16,372
15,373
15,373
15,373
15,373
15,374
15,374
15,375
15,375
14,375
14,375
14,376
14,376
14,376
14,376
14,377
14,377
14,378
14,378
13,378
13,378
13,379
13,379
13,379
13,379
13,380
13,380
12,380
12,380
12,379
12,379
12,379
12,379
12,378
12,378
11,378
11,378
11,377
11,377
11,376
11,376
11,376
11,376
11,375
11,375
10,375
10,375
10,374
10,374
10,373
10,373
10,373
10,373
9,372
9,372
9,371
9,371
9,370
9,370
8,369
8,369
8,368
8,368
8,367
8,367
7,366
7,366
7,365
7,365
7,364
7,364
6,363
6,363
6,362
6,362
6,361
6,361
5,360
5,360
5,359
5,359
5,358
5,358
4,357
4,357
4,356
4,356
3,356
3,356
2,356
2,356
2,357
2,357
2,356
2,356
2,355
2,355
3,355
3,355
4,355
4,355
5,355
5,355
6,355
6,355
