7,355
7,355
8,355
8,355
9,355
9,355
10,355
10,355
11,355
11,355
11,356
11,356
10,356
10,356
9,356
9,356
9,356
9,356
9,357
9,357
8,357
8,357
8,358
8,358
8,359
8,359
8,360
8,360
9,360
9,360
9,361
9,361
9,362
9,362
9,362
9,362
10,363
10,363
10,364
10,364
10,364
10,364
11,365
11,365
11,366
11,366
11,367
11,367
12,367
12,367
12,368
12,368
12,369
12,369
13,369
13,369
13,370
13,370
13,371
13,371
14,371
14,371
14,372
14,372
14,373
14,373
15,374
15,374
15,375
15,375
16,375
16,375
17,374
17,374
17,373
17,373
17,372
17,372
18,371
18,371
18,370
18,370
18,369
18,369
19,368
19,368
19,368
19,368
19,367
19,367
19,366
19,366
20,366
20,366
20,365
20,365
20,365
20,365
20,364
20,364
20,363
20,363
21,363
21,363
21,362
21,362
21,362
21,362
21,361
21,361
21,360
21,360
22,360
22,360
22,359
22,359
22,358
22,358
23,357
23,357
23,356
23,356
22,356
22,356
21,356
21,356
20,356
20,356
20,356
20,356
20,356
20,356
20,355
20,355
21,355
21,355
22,355
22,355
23,355
23,355
24,355
24,355
25,355
25,355
26,355
26,355
26,356
26,356
26,356
26,356
25,357
25,357
24,358
24,358
23,359
23,359
23,359
23,359
23,360
23,360
22,361
22,361
22,362
22,362
22,363
22,363
21,363
21,363
21,364
21,364
21,364
21,364
21,365
21,365
21,366
21,366
20,366
20,366
20,367
20,367
20,368
20,368
19,369
19,369
19,370
19,370
19,371
19,371
18,372
18,372
18,372
18,372
18,373
18,373
18,374
18,374
17,374
17,374
17,375
17,375
17,375
17,375
17,376
17,376
17,377
17,377
16,377
16,377
16,378
16,378
16,378
16,378
16,379
16,379
15,380
15,380
15,381
15,381
15,382
15,382
14,383
14,383
14,383
14,383
14,384
14,384
14,385
14,385
13,385
13,385
13,386
13,386
13,387
13,387
12,388
12,388
12,388
12,388
12,389
12,389
11,389
11,389
11,390
11,390
10,391
10,391
9,392
9,392
8,392
8,392
7,392
7,392
7,393
7,393
6,392
6,392
5,392
5,392
4,392
4,392
4,391
4,391
4,391
4,391
4,390
4,390
4,389
4,389
5,388
5,388
6,388
6,388
6,389
6,389
6,389
6,389
7,389
7,389
7,390
7,390
7,391
7,391
8,391
8,391
9,391
9,391
9,391
9,391
10,390
10,390
11,389
11,389
11,389
11,389
11,388
11,388
12,387
12,387
12,387
12,387
12,386
12,386
13,385
13,385
13,384
13,384
13,383
13,383
14,383
14,383
14,382
14,382
14,382
14,382
14,381
14,381
14,380
14,380
14,379
14,379
14,378
14,378
13,378
13,378
13,377
13,377
13,376
13,376
12,376
12,376
12,375
12,375
12,374
12,374
11,373
11,373
11,372
11,372
11,372
11,372
10,371
10,371
10,370
10,370
10,370
10,370
9,369
9,369
9,368
9,368
9,368
9,368
8,367
8,367
8,366
8,366
8,366
8,366
8,365
8,365
7,365
7,365
7,364
7,364
7,363
7,363
6,363
6,363
6,362
6,362
6,361
6,361
5,361
5,361
5,360
5,360
5,359
5,359
5,359
5,359
4,358
4,358
4,357
4,357
3,356
3,356
2,356
2,356
2,356
2,356
2,356
2,356
2,355
2,355
3,355
3,355
4,355
4,355
5,355
5,355
6,355
6,355
